(Ki11_96:0.00001,((Mo18w_104:0.00000,M37W_96:0.00001):0.00121,
(CML277_92:0.00120,(CML333_123:-0.00001,(CML52_119:0.00470,((((TX303_96:0.00000,
CML69_111:0.00001):0.00175,CML228_94:0.00068):0.00209,HP301_123:0.00035):0.00158,
(((((((P39_186:0.00001,OH7B_203:0.00000):0.00000,OH43_188:0.00000):-0.00000,
MS71_208:0.00001):0.00000,Il14H_127:0.00000):0.00000,B97_202:0.00000):0.00000,
B73_194:0.00000):0.01144,(((NC358_126:0.00000,KY21_111:0.00001):0.00871,
((((Tzi8_137:0.00122,NC358_215:0.00122):0.00347,TX303_128:0.00022):0.00071,
((((((P39_98:0.00001,OH7B_109:0.00000):0.00000,OH43_95:0.00000):-0.00000,
MS71_108:0.00001):-0.00000,M162W_103:0.00001):-0.00000,B97_109:0.00001):-0.00000,
B73_113:0.00001):0.00295):0.01048,(KY21_128:0.02002,(((((((Ki3_169:0.00122,
HP301_203:0.00122):0.00003,Tzi8_224:-0.00003):0.00002,M162W_195:-0.00001):0.00001,
CML52_207:-0.00000):0.00000,CML322_142:0.00000):0.00000,CML228_183:0.00000):0.02212,
((((((Tzi8_209:-0.00002,(M162W_181:0.00121,((((((((((((((((TX303_194:-0.00002,
Mo18w_144:0.00124):0.00001,P39_238:-0.00001):0.00001,OH7B_256:-0.00000):0.00000,
OH43_240:0.00000):0.00000,NC350_144:0.00000):0.00000,MS71_260:0.00000):0.00000,
M37W_137:0.00000):0.00000,KY21_190:0.00000):0.00000,Ki3_156:0.00000):0.00000,
Il14H_179:0.00000):0.00000,CML69_169:0.00000):0.00000,CML322_129:0.00000):0.00000,
CML247_128:0.00000):0.00000,CML103_157:0.00000):0.00000,B97_255:0.00000):0.00000,
B73_247:0.00000):0.00122):0.00002):0.00001,NC358_256:-0.00001):0.00001,
HP301_189:-0.00000):0.00000,CML277_122:0.00000):0.00000,CML228_162:0.00000):0.01299,
Tzi8_125:0.00297):0.01293):0.00312):0.00212):0.00145):0.00144,
(((((((((((((TX303_116:-0.00000,(Ki3_143:0.00061,CML69_131:0.00183):0.00061):0.00000,
P39_228:0.00000):0.00000,(TX303_184:0.00000,Tzi8_115:0.00121):0.00000):0.00000,
OH43_230:0.00000):0.00000,NC358_244:0.00000):0.00000,MS71_250:0.00000):0.00000,
M37W_125:0.00000):0.00000,Ki11_112:0.00000):0.00000,Ki11_123:0.00000):0.00000,
Il14H_169:0.00000):0.00000,CML333_197:0.00000):0.00001,(B97_244:0.00001,
B73_236:0.00000):0.00119):0.00276,(KY21_180:-0.00000,(B73_183:0.00000,
(CML228_149:0.00000,(CML52_182:0.00000,(HP301_177:0.00000,(NC350_134:0.00000,
(OH7B_179:0.00000,((((((M162W_173:0.00121,CML103_147:0.00000):0.00000,
CML322_119:0.00000):0.00000,CML69_159:0.00000):0.00000,MS71_178:0.00000):0.00000,
OH43_165:0.00000):0.00000,((((((CML333_175:0.00121,B97_179:0.00000):0.00000,
CML277_110:0.00000):0.00000,CML52_171:0.00000):0.00000,Mo18w_134:0.00000):0.00000,
NC358_179:0.00000):0.00000,P39_168:0.00000):0.00000):0.00000):0.00000):0.00000):0.00000):0.00000):0.00000):0.00001):0.00088):0.01691):0.00378):0.01520):0.00088):0.00140):0.00001):0.00001):0.00121,Tzi8_90:0.00000);
